{
  "advancedEditorSelectedIdentifier" : "ProjectBrowser",
  "openSceneRelativePaths" : [
    "Immersive.usda"
  ],
  "recentIdentifiers" : {
    "AF09ED6F-1707-48FD-8720-65B998362C09" : [

    ]
  },
  "sceneCameraHistory" : {
    "AF09ED6F-1707-48FD-8720-65B998362C09" : [
      {
        "date" : 713594757.35616803,
        "title" : "Untitled",
        "transform" : [
          -0.69795089960098267,
          -8.1591178258122454e-11,
          -0.71614569425582886,
          0,
          -0.11347074806690216,
          0.98736757040023804,
          0.11058784276247025,
          0,
          0.70709902048110962,
          0.15844647586345673,
          -0.68913406133651733,
          0,
          1.3678742647171021,
          0.63146853446960449,
          -1.0010961294174194,
          1
        ]
      },
      {
        "date" : 713571822.15958798,
        "title" : "Untitled",
        "transform" : [
          0.72626286745071411,
          -2.3229820271808421e-06,
          -0.68741720914840698,
          0,
          -0.29091534018516541,
          0.90603506565093994,
          -0.30735790729522705,
          0,
          0.62282472848892212,
          0.42320278286933899,
          0.65801888704299927,
          0,
          0.74562329053878784,
          0.93830102682113647,
          0.91216099262237549,
          1
        ]
      },
      {
        "date" : 713571813.86200798,
        "title" : "Untitled",
        "transform" : [
          0.99722033739089966,
          2.0644225218191536e-10,
          -0.074508875608444214,
          0,
          -0.0045577278360724449,
          0.99812740087509155,
          -0.06100023165345192,
          0,
          0.074369348585605621,
          0.061170261353254318,
          0.99535292387008667,
          0,
          0.21938508749008179,
          0.59146267175674438,
          0.77557069063186646,
          1
        ]
      },
      {
        "date" : 713571155.57136595,
        "title" : "Untitled",
        "transform" : [
          0.99921798706054688,
          3.3093799922667699e-10,
          0.039540357887744904,
          0,
          0.0088347829878330231,
          0.97471833229064941,
          -0.22326238453388214,
          0,
          -0.038540709763765335,
          0.22343713045120239,
          0.97395610809326172,
          0,
          -0.26306134462356567,
          0.81588453054428101,
          0.75225073099136353,
          1
        ]
      },
      {
        "date" : 713571142.88719201,
        "title" : "Untitled",
        "transform" : [
          0.97576767206192017,
          3.5750963300884564e-10,
          -0.21880899369716644,
          0,
          0.0073405350558459759,
          0.99943715333938599,
          0.03273475170135498,
          0,
          0.21868583559989929,
          -0.033547703176736832,
          0.97521847486495972,
          0,
          0.0899481400847435,
          0.40766271948814392,
          0.86659717559814453,
          1
        ]
      },
      {
        "date" : 713571139.73848903,
        "title" : "Untitled",
        "transform" : [
          0.99997079372406006,
          3.9980430077690698e-10,
          0.0076386602595448494,
          0,
          -0.00021362467668950558,
          0.99960893392562866,
          0.0279653649777174,
          0,
          -0.0076356730423867702,
          -0.027966195717453957,
          0.99957972764968872,
          0,
          -0.1060389056801796,
          0.41238021850585938,
          0.84321075677871704,
          1
        ]
      },
      {
        "date" : 713571129.03601396,
        "title" : "Untitled",
        "transform" : [
          0.99992382526397705,
          4.0063546924429261e-10,
          0.012343715876340866,
          0,
          0.0036999084986746311,
          0.9540209174156189,
          -0.29971742630004883,
          0,
          -0.01177616324275732,
          0.2997402548789978,
          0.95394819974899292,
          0,
          -0.10947362333536148,
          0.68800884485244751,
          0.80004841089248657,
          1
        ]
      },
      {
        "date" : 713571123.84776604,
        "title" : "Untitled",
        "transform" : [
          0.93296444416046143,
          1.0850043508980889e-05,
          -0.35996854305267334,
          0,
          -0.18783320486545563,
          0.85307979583740234,
          -0.48679932951927185,
          0,
          0.30707663297653198,
          0.52178049087524414,
          0.79589515924453735,
          0,
          1.0199576616287231,
          1.8619534969329834,
          2.3157336711883545,
          1
        ]
      },
      {
        "date" : 713561552.92132103,
        "title" : "Untitled",
        "transform" : [
          0.93296444416046143,
          1.0855183973035309e-05,
          -0.35996857285499573,
          0,
          -0.19556522369384766,
          0.83956408500671387,
          -0.50683951377868652,
          0,
          0.30221119523048401,
          0.54326063394546509,
          0.78328561782836914,
          0,
          0.75641632080078125,
          1.3349301815032959,
          1.1391803026199341,
          1
        ]
      },
      {
        "date" : 713561532.24108803,
        "title" : "Untitled",
        "transform" : [
          1,
          0,
          0,
          0,
          0,
          0.7071068286895752,
          -0.70710676908493042,
          0,
          0,
          0.70710676908493042,
          0.7071068286895752,
          0,
          0,
          1.8287901878356934,
          1.8287903070449829,
          1
        ]
      }
    ],
    "D560BB77-AAF3-4BDE-B7C4-989332A4688B" : [
      {
        "date" : 713597201.08300304,
        "title" : "Untitled",
        "transform" : [
          1,
          0,
          0,
          0,
          0,
          0.86602544784545898,
          -0.49999994039535522,
          0,
          0,
          0.49999994039535522,
          0.86602544784545898,
          0,
          0,
          0.20653708279132843,
          0.35773277282714844,
          1
        ]
      }
    ]
  },
  "selectedSceneRelativePath" : "Immersive.usda"
}